id=0|features=[0.8643090380390226, 0.11925560713307269, -0.3453581825979042, -0.20466148158241596, -0.06391392484486531, -0.2711169504318563, 0.9999996299440033, 0.0001158887563744135, 0.0008524562467861828, 0.9999630696326037, -0.006653351869407816, 0.005439878660619593]|lat=123.32|long=-12.3231|path="../base_imgs_testes/995_r.png"
id=1|features=[0.7062722724708995, 0.026622356327697917, -0.03352762633464715, -0.24221431959406262, 0.002043423500817688, -0.6638333174515261, 0.9999916271679996, 0.004084640038546569, 0.00024760785909821385, 0.9999912865878744, -0.004171944881109701, 0.0001470518154328887]|lat=123.32|long=-12.3231|path="../base_imgs_testes/980_c.png"
id=2|features=[0.7280269525615982, -0.009911840784545087, -0.4296633792242158, 0.018389087939796853, 0.014109831392383126, -0.5336015802193455, 0.9999137298613023, 0.000591719462684788, -0.013121840683979879, 0.9992102535352408, 0.0007370103817675038, 0.03972815180368963]|lat=123.32|long=-12.3231|path="../base_imgs_testes/993_l.png"
id=3|features=[0.7391618152273959, 0.16349580074830808, -0.1742120865752156, -0.350398105978808, -0.07911332006434818, -0.517224644476054, 0.9999444474429667, 0.0038597062233197018, 0.009808399250103794, 0.9998729774171334, -0.010275662024805794, 0.012183587359579943]|lat=123.32|long=-12.3231|path="../base_imgs_testes/992_r.png"
id=4|features=[0.7700261613699293, -0.008895540008946821, -0.35390933604676267, -0.19799775141400272, -0.005042060041869154, -0.4924431237191898, 0.9999992861377245, -9.696177220705718e-05, 0.0011909334390174365, 0.9999981460676659, 0.001304974301632683, 0.0014159460805925114]|lat=123.32|long=-12.3231|path="../base_imgs_testes/981_r.png"
id=5|features=[0.8043089460001476, 0.018369078788283397, -0.09672268590894241, -0.20570590287633234, -0.005731777022934552, -0.5486771788703753, 0.9999848659727099, -0.0010140641025107823, -0.005407356057956416, 0.999997292877551, 5.205901105139827e-05, 0.002326268993216597]|lat=123.32|long=-12.3231|path="../base_imgs_testes/985_c.png"
id=6|features=[0.8113454703940854, -0.002246874482510896, -0.036494057013535273, -0.1544381324009867, -0.002866049336978909, -0.5626031568081059, 0.9999988560058535, 0.0006885346371752222, -0.0013468136612504547, 0.9999976192553861, -0.00031556006716511466, 0.00215914459999973]|lat=123.32|long=-12.3231|path="../base_imgs_testes/984_r.png"
id=7|features=[0.6979341395654317, 0.027910765169596792, -0.20560799993890924, -0.35250371166945543, 0.0066517309603938805, -0.5878189892410056, 0.9999904600612838, 0.001482073320658859, -0.004108922619672257, 0.9999890850067552, -0.0002897092892874065, 0.004663253786798343]|lat=123.32|long=-12.3231|path="../base_imgs_testes/988_c.png"
id=8|features=[0.6900957803603898, 0.129704132844245, 0.10139181977432644, -0.2831652633001764, 0.039875516863895843, -0.6441208951351729, 0.9996662821562939, 0.021763268978716957, -0.013917055837093508, 0.9983729960725737, -0.04260235378198522, -0.0378998702544929]|lat=123.32|long=-12.3231|path="../base_imgs_testes/994_c.png"
id=9|features=[0.7713697009172148, 0.057756139004508884, -0.2476605723316254, -0.2588471095298317, -0.00814318570144925, -0.5227323562218367, 0.9998113693451582, 0.0014181834989546805, -0.019370453885312125, 0.9999698890264366, -0.0008264344936247581, 0.007716090103408217]|lat=123.32|long=-12.3231|path="../base_imgs_testes/987_c.png"
id=10|features=[0.731116997723315, 0.017147305304416674, -0.24344701223152773, -0.30555407125754563, -0.024419039856020754, -0.5585229429726543, 0.9999395560183163, -0.0031714560950224873, 0.010527401204935144, 0.9999102159599341, 0.0055264826711000515, 0.012207293239864508]|lat=123.32|long=-12.3231|path="../base_imgs_testes/992_l.png"
id=11|features=[0.7602772143492932, -0.045184324609089714, -0.19066798808052585, -0.10086419337719953, 0.03008277330510424, -0.610331134481, 0.9999966001390067, 0.00033724853958662945, -0.002585725014379653, 0.9999972989508984, 9.830373122857492e-06, 0.0023242190670119123]|lat=123.32|long=-12.3231|path="../base_imgs_testes/985_r.png"
id=12|features=[0.7290020102873006, -0.0024131788737589907, -0.4217486930487467, 0.012241881128864755, -0.013616673415932031, -0.5388348615559153, 0.9999100034219441, 0.00011567660860415951, -0.013415352237267763, 0.9991830209433974, -0.0014926137682961518, 0.04038641804573572]|lat=123.32|long=-12.3231|path="../base_imgs_testes/993_r.png"
id=13|features=[0.9885493614555533, 0.03150930715024329, 0.10024005288942892, 0.02669339993384044, 0.08974035955698886, -0.054436987352427996, 0.9996822671671788, 0.0024846881345409037, 0.02508368067815559, 0.9995059623283854, -0.003816393419860881, -0.031197218005345088]|lat=123.32|long=-12.3231|path="../base_imgs_testes/4_b.jpg"
id=14|features=[0.9342172007961613, -0.022672324032688134, -0.1441941030443215, -0.13229640351607433, 0.011212348740849549, -0.2971602142939236, 0.9999950736410644, 0.0011330761398790383, -0.002927256747081648, 0.9999990908990635, -0.00027606432440971347, 0.0013198445118742352]|lat=123.32|long=-12.3231|path="../base_imgs_testes/983_c.png"
id=15|features=[0.9269791375892968, -0.06752672669008045, 0.0607051516843188, 0.10863028190415493, -0.02733760261886192, -0.3462900829538547, 0.9999996191208872, -0.0008115068875491908, 0.0003212703723678362, 0.9999994580453042, 0.0009708600563054553, -0.0003759519237516525]|lat=123.32|long=-12.3231|path="../base_imgs_testes/986_l.png"
id=16|features=[0.9091544141563721, -0.028126616705414133, -0.11959198941811648, -0.214469808462275, 0.024694303217478026, -0.33427203497520747, 0.9999947785140475, -0.002280674197120662, -0.002289425658887308, 0.9999997920342758, 0.000543783479051831, -0.00034674332429773775]|lat=123.32|long=-12.3231|path="../base_imgs_testes/983_l.png"
id=17|features=[0.7429133897676792, 0.01180058686993396, -0.31201714225076915, -0.27085097266584307, -0.019482707846506287, -0.526161495261692, 0.9999990372139096, -0.0010119811100732293, -0.000949455363164214, 0.9999960099970088, 0.0016269702552110113, 0.0023093197809669905]|lat=123.32|long=-12.3231|path="../base_imgs_testes/982_c.png"
id=18|features=[0.7055889039888835, 0.01021252225469927, -0.07535816163751313, -0.2536958982916496, -0.00803772205891286, -0.6572175717718403, 0.9999882128963818, 0.0029506854340237924, -0.0038558428092891695, 0.9999686266873349, -0.004544055970070914, 0.006488235228967685]|lat=123.32|long=-12.3231|path="../base_imgs_testes/980_r.png"
id=19|features=[0.7829280632553176, -0.017517894334065785, -0.14899689646815487, -0.3605777603975927, 0.002576233743672502, -0.4842455345324208, 0.9999999273465648, -0.00032212660288414403, 0.00020381687065691755, 0.9999994712166815, 0.00046215924555627764, -0.0009186812227657645]|lat=123.32|long=-12.3231|path="../base_imgs_testes/989_l.png"
id=20|features=[0.7113272761913217, -0.017445179833722794, -0.3199143486653613, -0.2940847243144988, 0.0020975220973642804, -0.5521537437079803, 0.999999672051269, 0.0005566660374502533, -0.0005882348827130179, 0.9999925613619316, 0.0016318853094907267, 0.003494877843363626]|lat=123.32|long=-12.3231|path="../base_imgs_testes/982_r.png"
id=21|features=[0.6834833108752427, -0.0014221288084041753, -0.2016802371753662, -0.3461326174048514, -0.0036679762370706503, -0.6102068340786979, 0.9999984074902443, -0.001276770026215602, -0.001246946380404425, 0.999994627827596, 4.5545601843629903e-05, -0.00327753589544326]|lat=123.32|long=-12.3231|path="../base_imgs_testes/996_c.png"
id=22|features=[0.7019162729924954, -0.016641689297445306, -0.30203144989107705, -0.25552768480595034, 0.027145634121120144, -0.5914239765246408, 0.9999872165796528, 0.0008815472137233217, -0.004978910702996104, 0.9999713677487876, 0.00118417281736855, 0.007474049595614415]|lat=123.32|long=-12.3231|path="../base_imgs_testes/988_l.png"
id=23|features=[0.8336638599611546, 0.031819502857388667, -0.12006871783257257, -0.14376310042681273, -0.024520305350858154, -0.5179831236746908, 0.9999971801574199, 0.0002527836524534079, -0.0023613084580408846, 0.9999955594790847, 0.00043080290070944495, 0.0029488016164792466]|lat=123.32|long=-12.3231|path="../base_imgs_testes/984_c.png"
id=24|features=[0.7141243836984429, -0.006019950740124698, -0.4337047855118432, 0.007874713293503234, -0.0027561214080095765, -0.5493820860838666, 0.9998449390781093, -0.00032696578093913316, -0.017606558246009162, 0.99908420317753, 0.0004941700968301431, 0.042784468642667314]|lat=123.32|long=-12.3231|path="../base_imgs_testes/993_c.png"
id=25|features=[0.7556324274686685, -0.10733431054156563, -0.2045231908560244, -0.26221878842798285, 0.02802383343681028, -0.5532858361600366, 0.9999997222036399, -0.0007269155719238674, -0.00016488297196862856, 0.9999947733247666, -0.000297679569991595, -0.00321942697109822]|lat=123.32|long=-12.3231|path="../base_imgs_testes/996_r.png"
id=26|features=[0.6806799134767181, 0.012131421346164219, -0.19375208091998433, -0.37851655213559676, 0.0075616846503461736, -0.5963688924057443, 0.9999953636810286, -0.00020236581555237623, -0.0030383654361828705, 0.9999835283090487, 0.0003984270543914399, 0.00572576339611464]|lat=123.32|long=-12.3231|path="../base_imgs_testes/988_r.png"
id=27|features=[0.7884199370439562, -0.0012514095686437954, -0.25048432454153685, -0.23897854921272343, -0.021963972333134577, -0.507992989065988, 0.9998152282029186, -0.00033199485191173734, 0.019219761522043924, 0.9993622252205271, -0.0013344729691141984, -0.03568419796171932]|lat=123.32|long=-12.3231|path="../base_imgs_testes/991_l.png"
id=28|features=[0.9392664278916268, -0.038851025453065735, -0.12735510231010236, -0.12513488381949556, 0.02135816943632505, -0.2897152785448888, 0.9999969917265543, 0.001897041591569409, -0.0015549183391933316, 0.9999987725078525, -4.1090803759815094e-05, 0.0015662995671201954]|lat=123.32|long=-12.3231|path="../base_imgs_testes/983_r.png"
id=29|features=[0.9834837248545262, 0.09452928100094733, -0.09914279376163111, -0.03695225381154042, 0.10624469722476983, 0.03662348528900169, 0.9996632104144733, -0.00995363890991732, -0.023966451891744057, 0.9995272279856595, 0.007172755188226479, 0.02989769386279602]|lat=123.32|long=-12.3231|path="../base_imgs_testes/3_b.jpg"
id=30|features=[0.9759931195845772, -0.08724868162529165, -0.10969114799308084, -0.10651377295984336, -0.12801954020859757, -0.007665743591571724, 0.999675983262621, 0.007845242674871345, -0.024215297959854075, 0.999330433124813, -0.01533939178050488, 0.03321729203860472]|lat=123.32|long=-12.3231|path="../base_imgs_testes/2_b.jpg"
id=31|features=[0.7715176878977993, 0.12016763845575368, -0.22185407649514785, -0.24590991209627525, -0.04226888305566194, -0.528055509704534, 0.9999064382762707, 0.0037924883547307995, -0.013142744224165809, 0.9999601406971212, -0.0015148515512346291, 0.008798990951883523]|lat=123.32|long=-12.3231|path="../base_imgs_testes/987_l.png"
id=32|features=[0.8689513313531773, -0.07035889590881253, -0.240540834250145, -0.20662214941813511, 0.05536649388078222, -0.36926298933071644, 0.9999992539487285, 0.0011929668401587197, 0.0002625492426304218, 0.9999975617178709, 0.0016736174280048072, 0.0014406814420083469]|lat=123.32|long=-12.3231|path="../base_imgs_testes/989_r.png"
id=33|features=[0.7432448458708767, -0.10137823553855003, -0.32376271837954895, -0.28158697164557195, 0.013854939700002337, -0.5029951020420944, 0.9996513172849645, -0.009912712235289368, -0.024474108493995894, 0.9993410767456608, 0.012163291536921594, 0.034197465809782335]|lat=123.32|long=-12.3231|path="../base_imgs_testes/979_c.png"
id=34|features=[0.7246209335977215, 0.09424656208042724, -0.25820343220730047, -0.2707470491832643, -0.04489330316214693, -0.569257149638108, 0.9998088600742459, 0.003668386813685437, -0.0192038083520575, 0.999943966586665, -0.0017497275800093346, 0.010440409011262542]|lat=123.32|long=-12.3231|path="../base_imgs_testes/987_r.png"
id=35|features=[0.9846741597020701, -0.06541967365902925, 0.13870577074741727, -0.03522369821266737, -0.072784477854245, 0.018960103967041095, 0.999708859251405, -0.020016216706801624, 0.013473967604282489, 0.9994480972919518, 0.02551838705724032, -0.02126764541489845]|lat=123.32|long=-12.3231|path="../base_imgs_testes/4_a.jpg"
id=36|features=[0.7451267685509734, -0.10297705883711802, -0.34361892043230957, -0.22780803338965902, 0.02719748409704356, -0.5132949039732444, 0.9996347818299228, -0.007534559040851399, -0.025952521571180068, 0.999207032851855, 0.01242987422033172, 0.03782596629642877]|lat=123.32|long=-12.3231|path="../base_imgs_testes/979_l.png"
id=37|features=[0.7349411483845901, -0.10228710984090648, -0.12956489965525, -0.45027117061318095, 0.016092730951178483, -0.4791750090249156, 0.9999910035197994, -0.004200274829209195, -0.0005920902160701547, 0.999992585655495, 0.0029296963671840916, 0.0024991024856135173]|lat=123.32|long=-12.3231|path="../base_imgs_testes/989_c.png"
id=38|features=[0.7086047304415769, -0.05518348805421783, -0.2286171074037663, -0.3419590075329844, 0.04252076183649073, -0.5690556728688552, 0.9999999758037441, -0.00014566741688194497, -0.00016484391040416633, 0.9999972021106865, 0.001090159717713479, 0.002099362424317069]|lat=123.32|long=-12.3231|path="../base_imgs_testes/981_l.png"
id=39|features=[0.686905347505565, 0.07153017679185177, -0.268597598109879, -0.35467926998906085, -0.015795740603747145, -0.5699586982271568, 0.9998863595627744, 0.00026285676825935956, -0.015073117349167504, 0.9993756013578532, -0.008840034736241932, 0.03420908061452729]|lat=123.32|long=-12.3231|path="../base_imgs_testes/990_c.png"
id=40|features=[0.7294650990767746, -0.058917494752684305, -0.3278071317533152, -0.28112086932758285, 0.022677899999885464, -0.5266959769095855, 0.9999999297708748, 8.567249280689969e-05, 0.000364854038426581, 0.9999959514169339, 0.0017746309617984084, 0.002224372875820602]|lat=123.32|long=-12.3231|path="../base_imgs_testes/982_l.png"
id=41|features=[0.9416122816618095, -0.07213455391211919, -0.22184884482088243, 0.016090894775303184, 0.021447459606676374, -0.24130291500297005, 0.9999867113284219, -0.0014286025795923034, -0.004953409052042067, 0.9999847102146168, 0.001258297118436611, 0.005384795757548999]|lat=123.32|long=-12.3231|path="../base_imgs_testes/986_r.png"
id=42|features=[0.9013339996455454, 0.1301475949598785, -0.35521809040255364, -0.03919700599052799, -0.13267977944615883, -0.15918041244884318, 0.9999979680061483, 0.0019427295108424866, -0.0005383173992695124, 0.9999904490625824, -0.0032879403121839268, 0.002879449968032276]|lat=123.32|long=-12.3231|path="../base_imgs_testes/995_c.png"
id=43|features=[0.7966985085359346, 0.04397688414995421, -0.24532448891700487, -0.23304126678192869, -0.008754458623973251, -0.4987670224920291, 0.9998321301506653, -0.006700038702814067, 0.017053474712324032, 0.9993865419217048, 0.016942426914923953, -0.03065116630748536]|lat=123.32|long=-12.3231|path="../base_imgs_testes/991_r.png"
id=44|features=[0.7396483547768131, -0.06436793179405342, -0.36167503892946384, -0.19780819198369473, -0.0085880272073066, -0.5279833442644841, 0.9995862420927679, -0.005448158222703587, -0.02824291399340977, 0.9989797025113887, 0.009807655497779235, 0.044083600849910046]|lat=123.32|long=-12.3231|path="../base_imgs_testes/979_r.png"
id=45|features=[0.7117498688456277, -0.04432666073601536, 0.07178042856519914, -0.25495586623778177, -0.07747477394082233, -0.644429986185453, 0.9999994318508777, -0.0008659012007077922, 0.0006217017230298323, 0.999421973379176, 0.01617356512492427, -0.02990208885719052]|lat=123.32|long=-12.3231|path="../base_imgs_testes/994_l.png"
id=46|features=[0.9954065695480713, 0.02279475663646981, 0.04576188737924697, 0.054559131046815056, -0.011506477618568224, 0.05867633446410654, 0.99979362739186, 0.01036242111752443, 0.017473490069529286, 0.9996971178177082, -0.014498925340155887, -0.019886019987613513]|lat=123.32|long=-12.3231|path="../base_imgs_testes/4_c.jpg"
id=47|features=[0.9846130200589123, -0.04335481141759503, -0.1093752793369571, -0.1012114232061029, -0.06962449003791032, -0.04004107299925217, 0.9999982587176025, -0.0016723167370516433, -0.000828201964329372, 0.9999699670731332, 0.004269217832620816, 0.006468286547018741]|lat=123.32|long=-12.3231|path="../base_imgs_testes/2_c.jpg"
id=48|features=[0.7034434988273671, -0.012257776519639257, -0.23078464320996434, -0.29144018256790405, 0.000389346932816862, -0.6056549411376982, 0.9999998688642859, -3.661253096594449e-06, -0.0005121113220136149, 0.9999981297079459, -0.0006561449642495321, -0.0018193554892557743]|lat=123.32|long=-12.3231|path="../base_imgs_testes/996_l.png"
id=49|features=[0.6933129603964221, -0.03782993536615791, -0.28708981858179056, -0.308579024850966, 0.009656942173484239, -0.5832248279121021, 0.9999994497680342, -0.0006918937847128157, -0.0007885091117525681, 0.9999937496875134, 0.001154513780227187, 0.003341808468175471]|lat=123.32|long=-12.3231|path="../base_imgs_testes/981_c.png"
id=50|features=[0.7077423158168316, -0.007762175945496255, -0.008091324312822827, -0.22786066643796368, 0.003152029863513975, -0.6686139954382279, 0.9999934584450919, 0.0002861913127938704, 0.0036057123508056177, 0.9999890951543865, 0.001395373967019952, -0.00445673690087265]|lat=123.32|long=-12.3231|path="../base_imgs_testes/980_l.png"
id=51|features=[0.7878343733058427, 0.06348705811165035, -0.21339044753996717, -0.2629446276381367, -0.02435729104295034, -0.5099193620153105, 0.9998605786701076, -0.006440637758362637, 0.015405888703450029, 0.9994232360919446, 0.016424578006014892, -0.029722523392695984]|lat=123.32|long=-12.3231|path="../base_imgs_testes/991_c.png"
id=52|features=[0.8532927750821938, 0.16202007262965723, -0.3776468559201096, -0.1416610630734407, -0.14517665266413518, -0.2487562481655586, 0.9999989716399681, 0.0013475293253201572, -0.0004907990666178048, 0.9999671420475768, -0.005962115153637251, 0.005492541132869307]|lat=123.32|long=-12.3231|path="../base_imgs_testes/995_l.png"
id=53|features=[0.6712191553729892, -0.046354589410429047, -0.2279414062074728, -0.3958660751205869, 0.0216295501559323, -0.5815333403733576, 0.9999785531151592, -0.0045341665126254855, -0.004725954268583279, 0.9997426978718964, 0.0038019644849055546, 0.022362538270006053]|lat=123.32|long=-12.3231|path="../base_imgs_testes/990_l.png"
id=54|features=[0.7379412538400076, 0.144184538789868, -0.1788255766527677, -0.32620956937556245, -0.07671261568293078, -0.538866801011798, 0.999987330638176, 0.0024222536339386412, 0.004412623988961536, 0.9999525759759895, -0.003296208318886256, 0.009164104413490488]|lat=123.32|long=-12.3231|path="../base_imgs_testes/992_c.png"
id=55|features=[0.9935062216606377, 0.00472274562232372, -0.003618509726469068, -0.082436018737338, 0.06300222040445778, 0.0463142809681345, 0.999477265070152, 0.026229991502410184, -0.018899316222358895, 0.9990837200075205, -0.03528152488241018, 0.024226729410015184]|lat=123.32|long=-12.3231|path="../base_imgs_testes/4_d.jpg"
id=56|features=[0.7333098563925713, 0.09774398325030526, 0.07436607398042229, -0.22455950516016193, -0.018804539043128135, -0.6295965956469329, 0.9999851282893412, 0.005256701519895067, -0.001452683475782951, 0.9992999530272835, -0.023251354417903724, -0.02930833324162581]|lat=123.32|long=-12.3231|path="../base_imgs_testes/994_r.png"
id=57|features=[0.7639064959665948, -0.013588911869285172, -0.10389685318753986, -0.2622437222426073, -0.0031987566280799935, -0.5802461967926642, 0.9999960944795342, 0.0001127206199204018, -0.0027925471777892376, 0.999998275208312, 0.0006825986288303032, 0.0017273214851870717]|lat=123.32|long=-12.3231|path="../base_imgs_testes/985_l.png"
id=58|features=[0.692979999131189, 0.1157051724684463, -0.23364491886927957, -0.4018696782098665, -0.06746809975821715, -0.5345557997115601, 0.9999759339082984, -0.005239404978368179, -0.004547553155177727, 0.9998584638731476, -0.005712300088851878, 0.01582472271240714]|lat=123.32|long=-12.3231|path="../base_imgs_testes/990_r.png"
id=59|features=[0.994331734313656, 0.039571927107428045, -0.051825842399007574, -0.07324872349416973, 0.039926813651447145, 0.009644731180918775, 0.9999965931531043, -0.001604153304814503, 0.0020592169287660745, 0.9998131108293812, 0.01183176876566809, -0.015288971893209062]|lat=123.32|long=-12.3231|path="../base_imgs_testes/3_a.jpg"
id=60|features=[0.9932042261596455, -0.03502260626779521, 0.09637211003268556, -0.041336021455215324, -0.035704102125636766, -0.006910066449366909, 0.9999814775153644, 0.006005655288210573, 0.0009882968927238634, 0.9999296406188213, -0.008653445676769228, -0.00811367301745956]|lat=123.32|long=-12.3231|path="../base_imgs_testes/1_b.jpg"
id=61|features=[0.9817725912020032, -0.06464904117493284, -0.14252591592699282, -0.0667251911854207, -0.08240818774764684, 0.019649004612333248, 0.9973389495388141, 0.006555474229756882, -0.07260885270019059, 0.9944869672554207, -0.011175743308608032, 0.10426300744087409]|lat=123.32|long=-12.3231|path="../base_imgs_testes/1_a.jpg"
id=62|features=[0.8056072407116308, 0.03382151137472338, -0.033166244393548656, -0.22227481412270736, 0.0051417192189414426, -0.5471019548898894, 0.9999997244799306, -3.6342793684463057e-06, -0.0007423118311863251, 0.9999991640225572, 0.0002859384507598784, 0.0012610287027310422]|lat=123.32|long=-12.3231|path="../base_imgs_testes/984_l.png"
id=63|features=[0.9539560489703844, -0.05984685210732406, -0.14156637037740924, -0.0664649770274611, 0.0007681213403194636, -0.24885134221492447, 0.9999994147086828, -0.0003476871312414663, -0.0010245467048093423, 0.9999995029110179, -0.0006054845133308856, -0.0007921907731676321]|lat=123.32|long=-12.3231|path="../base_imgs_testes/986_c.png"
