id=0|features=[0.5554201602935791, 0.12308076024055481, 0.10528811812400818, 0.09080474823713303, 0.8073983788490295, 0.06793451309204102, 0.011121068149805069, 0.019937938079237938, 0.7737541794776917, 0.4965146780014038, 0.3648948669433594, 0.12880459427833557, 0.05650871619582176, 0.030040491372346878, 0.01337145920842886, 0.027644339948892593, 0.16953012347221375, 0.31972795724868774, 0.16676220297813416, 0.17102861404418945, 0.30466848611831665, 0.6502063274383545, 0.5386242866516113, 0.07915748655796051]|lat=123.32|long=-12.3231
id=1|features=[0.5534436702728271, 0.14593830704689026, 0.11810177564620972, 0.09880083799362183, 0.8036843538284302, 0.04652760922908783, 0.01311572827398777, 0.021146712824702263, 0.7847169041633606, 0.48448508977890015, 0.3507712483406067, 0.14765599370002747, 0.06070514768362045, 0.028018496930599213, 0.010970553383231163, 0.007771225646138191, 0.1087629571557045, 0.3185062110424042, 0.19181759655475616, 0.1671794354915619, 0.24845516681671143, 0.5886344313621521, 0.6164218783378601, 0.1838073879480362]|lat=123.32|long=-12.3231
id=2|features=[0.6699743866920471, 0.2740592360496521, 0.024483561515808105, 0.0010044737718999386, 0.6894754767417908, 0.0031143324449658394, 0.0012226199032738805, 0.006151497829705477, 0.4566962718963623, 0.16928541660308838, 0.4323229491710663, 0.35980308055877686, 0.4250483810901642, 0.4851088523864746, 0.0977020189166069, 0.14445485174655914, 0.1333416849374771, 0.20650212466716766, 0.25303301215171814, 0.09242480993270874, 0.0879535973072052, 0.5942404270172119, 0.7084248065948486, 0.06546501070261002]|lat=123.32|long=-12.3231
id=3|features=[0.6727331876754761, 0.26112911105155945, 0.035712506622076035, 0.0010538159403949976, 0.6913323402404785, 0.0025337215047329664, 0.0007694470114074647, 0.004220643080770969, 0.47190386056900024, 0.19654908776283264, 0.44700509309768677, 0.3473680019378662, 0.3934546113014221, 0.46715986728668213, 0.09402231127023697, 0.1905573159456253, 0.16519810259342194, 0.20170508325099945, 0.23165857791900635, 0.0933573842048645, 0.08280180394649506, 0.6137707233428955, 0.6924630403518677, 0.08104121685028076]|lat=123.32|long=-12.3231
id=4|features=[0.9937030673027039, 0.05429409071803093, 0.014253729954361916, 0.02975241281092167, 0.0851985439658165, 0.007286746054887772, 0.003498366102576256, 0.034553054720163345, 0.27503395080566406, 0.4916438162326813, 0.595930278301239, 0.38302022218704224, 0.31811901926994324, 0.2600010633468628, 0.10777109116315842, 0.019761133939027786, 0.0940258726477623, 0.2605445683002472, 0.45695623755455017, 0.5874484181404114, 0.5402114391326904, 0.27279403805732727, 0.05564211308956146, 0.005473615601658821]|lat=123.32|long=-12.3231
id=5|features=[0.987119734287262, 0.035563427954912186, 0.009536415338516235, 0.01097150705754757, 0.10546804964542389, 0.06273137778043747, 0.02383771538734436, 0.09214931726455688, 0.4253339469432831, 0.5104156136512756, 0.571263313293457, 0.41572484374046326, 0.21650180220603943, 0.10870381444692612, 0.02594057470560074, 0.0059709809720516205, 0.05108596757054329, 0.21267612278461456, 0.3522588610649109, 0.4286118745803833, 0.5234282612800598, 0.5569314956665039, 0.23959718644618988, 0.05299091711640358]|lat=123.32|long=-12.3231
id=6|features=[0.9750881195068359, 0.12483592331409454, 0.04824221879243851, 0.07209166884422302, 0.1603451669216156, 0.01076025515794754, 0.003986498340964317, 0.015885645523667336, 0.5417519807815552, 0.5481711030006409, 0.4542273283004761, 0.34468966722488403, 0.2464248538017273, 0.13419470191001892, 0.03691300377249718, 0.027996104210615158, 0.08955326676368713, 0.15532279014587402, 0.30273500084877014, 0.43200919032096863, 0.5736044049263, 0.5888553857803345, 0.11140185594558716, 0.037304364144802094]|lat=123.32|long=-12.3231
id=7|features=[0.9808032512664795, 0.15836089849472046, 0.06533793359994888, 0.04041282832622528, 0.08173885941505432, 0.003941488917917013, 0.0018027001060545444, 0.01856219209730625, 0.28916653990745544, 0.5395728349685669, 0.5447574257850647, 0.43156588077545166, 0.3224252760410309, 0.17971687018871307, 0.0655362531542778, 0.041022226214408875, 0.0830521285533905, 0.40903156995773315, 0.4202152490615845, 0.4760972857475281, 0.5188796520233154, 0.379140168428421, 0.09374095499515533, 0.02784411609172821]|lat=123.32|long=-12.3231
id=8|features=[0.9821694493293762, 0.15502874553203583, 0.06132075935602188, 0.04478532820940018, 0.07355149835348129, 0.002358251716941595, 0.0013125238474458456, 0.011233842931687832, 0.30356013774871826, 0.4658038318157196, 0.5047690272331238, 0.4313235580921173, 0.4290454089641571, 0.24689586460590363, 0.06617085635662079, 0.02510172501206398, 0.07512044906616211, 0.35705989599227905, 0.43836042284965515, 0.47664278745651245, 0.48577553033828735, 0.44530123472213745, 0.11313637346029282, 0.021121326833963394]|lat=123.32|long=-12.3231
id=9|features=[0.9779359698295593, 0.16946646571159363, 0.06279591470956802, 0.049359846860170364, 0.0915529653429985, 0.003853732021525502, 0.001207350636832416, 0.012016651220619678, 0.3118099570274353, 0.5348736643791199, 0.45603927969932556, 0.41938719153404236, 0.42103883624076843, 0.22957895696163177, 0.05027838423848152, 0.017863096669316292, 0.06856697052717209, 0.3395731747150421, 0.45767921209335327, 0.47218644618988037, 0.5038625001907349, 0.4269353747367859, 0.10355215519666672, 0.026153074577450752]|lat=123.32|long=-12.3231
id=10|features=[0.9904119968414307, 0.10383540391921997, 0.0337945781648159, 0.037497393786907196, 0.074979268014431, 0.007239159196615219, 0.0014095051446929574, 0.008820169605314732, 0.4112529754638672, 0.4492329955101013, 0.5761719942092896, 0.482324481010437, 0.2498016357421875, 0.04467400535941124, 0.006563560571521521, 0.0031556766480207443, 0.022257214412093163, 0.2199256420135498, 0.43716946244239807, 0.5720444917678833, 0.6068713665008545, 0.2522203028202057, 0.02860432304441929, 0.00769839296117425]|lat=123.32|long=-12.3231
id=11|features=[0.8239153623580933, 0.20088548958301544, 0.049101822078228, 0.07890842854976654, 0.5150636434555054, 0.020789526402950287, 0.010967856273055077, 0.07954834401607513, 0.9159208536148071, 0.16183842718601227, 0.143090158700943, 0.23494677245616913, 0.15788637101650238, 0.11533594131469727, 0.0785013735294342, 0.1217770054936409, 0.11508183926343918, 0.2907947897911072, 0.4413146376609802, 0.33125418424606323, 0.6888695359230042, 0.25740352272987366, 0.15703937411308289, 0.1795756071805954]|lat=123.32|long=-12.3231
id=12|features=[0.9532198905944824, 0.14074553549289703, 0.04826108738780022, 0.0751902163028717, 0.2514072060585022, 0.010479423217475414, 0.0037122503854334354, 0.01583411917090416, 0.5211642980575562, 0.4058626890182495, 0.38392168283462524, 0.4317723512649536, 0.39464032649993896, 0.2501867711544037, 0.07877668738365173, 0.07279926538467407, 0.3057812750339508, 0.43501171469688416, 0.49125686287879944, 0.4725751280784607, 0.4101981520652771, 0.28648149967193604, 0.04678129404783249, 0.008906183764338493]|lat=123.32|long=-12.3231
id=13|features=[0.99614018201828, 0.04612989351153374, 0.008178132586181164, 0.007965936325490475, 0.03893272206187248, 0.027884161099791527, 0.013054875656962395, 0.054614774882793427, 0.3752041757106781, 0.2941463887691498, 0.46841326355934143, 0.6333210468292236, 0.3775157332420349, 0.09770547598600388, 0.010629001073539257, 0.003969322424381971, 0.012999679893255234, 0.19790780544281006, 0.33432093262672424, 0.5049028992652893, 0.4720780551433563, 0.5109158158302307, 0.32211676239967346, 0.07946230471134186]|lat=123.32|long=-12.3231
id=14|features=[0.9942464828491211, 0.026709694415330887, 0.004231148399412632, 0.005370888393372297, 0.043063607066869736, 0.033872298896312714, 0.02251625247299671, 0.08488205075263977, 0.32342973351478577, 0.28899702429771423, 0.35031548142433167, 0.6939420104026794, 0.43180668354034424, 0.14479385316371918, 0.012402328662574291, 0.0046304077841341496, 0.037468113005161285, 0.19080527126789093, 0.36091795563697815, 0.48489803075790405, 0.6375335454940796, 0.3819052577018738, 0.19602760672569275, 0.0779363363981247]|lat=123.32|long=-12.3231
id=15|features=[0.9705337882041931, 0.024548763409256935, 0.003694059792906046, 0.009732717648148537, 0.2392677515745163, 0.00954027846455574, 0.0005363927339203656, 0.0035872578155249357, 0.27052175998687744, 0.9561599493026733, 0.11166256666183472, 0.009840503334999084, 0.0010755651164799929, 0.0005129756755195558, 0.0002888119197450578, 0.003039065282791853, 0.014952355064451694, 0.035084646195173264, 0.16859884560108185, 0.31874585151672363, 0.6136784553527832, 0.7000588178634644, 0.04285213351249695, 0.001050894963555038]|lat=123.32|long=-12.3231
id=16|features=[0.9991387128829956, 0.006929755210876465, 0.0009124195203185081, 0.0038436860777437687, 0.03873078525066376, 0.007369807455688715, 0.002417199080809951, 0.009899277240037918, 0.7346683740615845, 0.6784260869026184, 0.0006514230626635253, 7.854148407204775e-07, 0.0, 0.0, 0.0, 0.0, 1.650574290579243e-07, 0.0009781303815543652, 0.011181485839188099, 0.05076291784644127, 0.4886908233165741, 0.8684995174407959, 0.06470366567373276, 0.0007001736084930599]|lat=123.32|long=-12.3231
id=17|features=[0.9701647758483887, 0.03224615007638931, 0.010544730350375175, 0.015717973932623863, 0.23938141763210297, 0.007321155164390802, 0.0016108620911836624, 0.004752690903842449, 0.3086092174053192, 0.9414448142051697, 0.13528011739253998, 0.011315828189253807, 0.0013008902315050364, 0.000692281115334481, 0.00039467657916247845, 0.0032872057054191828, 0.01814275234937668, 0.028385259211063385, 0.12739033997058868, 0.2082575559616089, 0.42015188932418823, 0.8685461282730103, 0.09144394844770432, 0.0018739637453109026]|lat=123.32|long=-12.3231
id=18|features=[0.9914900660514832, 0.03155466541647911, 0.004920334555208683, 0.009737001731991768, 0.11958032101392746, 0.017907237634062767, 0.0071651930920779705, 0.034077681601047516, 0.3300946056842804, 0.46431592106819153, 0.781122624874115, 0.25010597705841064, 0.051693107932806015, 0.00816382560878992, 0.0017518037930130959, 0.0009239453938789666, 0.006325260270386934, 0.13634024560451508, 0.3336321711540222, 0.5785276293754578, 0.7030729651451111, 0.19972003996372223, 0.03404799848794937, 0.0027751545421779156]|lat=123.32|long=-12.3231
id=19|features=[0.9917945861816406, 0.06377152353525162, 0.011972703970968723, 0.015511234290897846, 0.020880045369267464, 0.024391386657953262, 0.037482619285583496, 0.09724687039852142, 0.4385177791118622, 0.22118107974529266, 0.2945478558540344, 0.6060736179351807, 0.5411621332168579, 0.10860875993967056, 0.0065843453630805016, 0.0013139081420376897, 0.03356194123625755, 0.19907374680042267, 0.4642217755317688, 0.6699389219284058, 0.4165463149547577, 0.2838616669178009, 0.1899329423904419, 0.06899598240852356]|lat=123.32|long=-12.3231
id=20|features=[0.9950849413871765, 0.05614662915468216, 0.008805923163890839, 0.00535334087908268, 0.012964569963514805, 0.02004839852452278, 0.026656588539481163, 0.07257237285375595, 0.43452659249305725, 0.2011198103427887, 0.27535736560821533, 0.571016788482666, 0.5693101286888123, 0.21061721444129944, 0.019371358677744865, 0.0025953990407288074, 0.022956939414143562, 0.19297410547733307, 0.3808721601963043, 0.6238716244697571, 0.4661504030227661, 0.4037894904613495, 0.20341451466083527, 0.0789615735411644]|lat=123.32|long=-12.3231
id=21|features=[0.9814519882202148, 0.058904293924570084, 0.013199457898736, 0.02192818559706211, 0.1726774126291275, 0.020111022517085075, 0.024287870153784752, 0.04260650649666786, 0.36247333884239197, 0.3776717782020569, 0.5732017755508423, 0.5772604942321777, 0.2499634325504303, 0.040450964123010635, 0.0064404914155602455, 0.005252771079540253, 0.07857497036457062, 0.27263182401657104, 0.43655866384506226, 0.5913259387016296, 0.5229012966156006, 0.3054324984550476, 0.11058808863162994, 0.0174228735268116]|lat=123.32|long=-12.3231
id=22|features=[0.7830957770347595, 0.2221311777830124, 0.05825859680771828, 0.07923102378845215, 0.5656868815422058, 0.025100387632846832, 0.018479425460100174, 0.08230406790971756, 0.9222373366355896, 0.17085374891757965, 0.12101111561059952, 0.21751466393470764, 0.15974265336990356, 0.11403869837522507, 0.0776047632098198, 0.11741320043802261, 0.11883828043937683, 0.29312005639076233, 0.4446538984775543, 0.3321058750152588, 0.6589967608451843, 0.30741626024246216, 0.18283891677856445, 0.1724385768175125]|lat=123.32|long=-12.3231
id=23|features=[0.4162536859512329, 0.3638627529144287, 0.2685723602771759, 0.12810686230659485, 0.7775087952613831, 0.03486289456486702, 0.0013136080233380198, 0.007570839952677488, 0.9484437108039856, 0.1494642198085785, 0.1776764839887619, 0.16524875164031982, 0.11374720185995102, 0.052430689334869385, 0.019594402983784676, 0.05628057196736336, 0.3630542755126953, 0.25636059045791626, 0.17239011824131012, 0.15082208812236786, 0.16566886007785797, 0.1042657271027565, 0.8163477182388306, 0.2127537578344345]|lat=123.32|long=-12.3231
id=24|features=[0.6762550473213196, 0.29527345299720764, 0.32029950618743896, 0.09859859943389893, 0.5857728123664856, 0.004664610605686903, 0.0008581258589401841, 0.0051913633942604065, 0.8170555233955383, 0.25636258721351624, 0.33434516191482544, 0.33212482929229736, 0.17858067154884338, 0.0778597891330719, 0.03461799398064613, 0.07384618371725082, 0.1797029674053192, 0.3430909812450409, 0.363957017660141, 0.2804957628250122, 0.2344934344291687, 0.24241283535957336, 0.6206585168838501, 0.3740115463733673]|lat=123.32|long=-12.3231
id=25|features=[0.586511492729187, 0.3069440722465515, 0.29124343395233154, 0.11444780230522156, 0.678116500377655, 0.04554212465882301, 0.01365402340888977, 0.0420246385037899, 0.8798140287399292, 0.2643917500972748, 0.2902277708053589, 0.22422057390213013, 0.12473691254854202, 0.05827394872903824, 0.026883285492658615, 0.04288773983716965, 0.35537153482437134, 0.45147326588630676, 0.3032049834728241, 0.21513265371322632, 0.1811467856168747, 0.4732626676559448, 0.523009717464447, 0.03656255453824997]|lat=123.32|long=-12.3231
id=26|features=[0.4770481586456299, 0.2772330343723297, 0.2600046396255493, 0.11826252937316895, 0.7815729975700378, 0.04059227928519249, 0.011110085994005203, 0.036755338311195374, 0.9135101437568665, 0.23948295414447784, 0.2556052803993225, 0.17804062366485596, 0.0896216556429863, 0.04210412874817848, 0.01956908032298088, 0.03044539876282215, 0.23143480718135834, 0.39701130986213684, 0.2802385091781616, 0.22148668766021729, 0.18898431956768036, 0.5901273488998413, 0.5256287455558777, 0.03129145875573158]|lat=123.32|long=-12.3231
id=27|features=[0.7003911137580872, 0.25396743416786194, 0.18465475738048553, 0.04025789350271225, 0.6392935514450073, 0.011314237490296364, 0.0019093701848760247, 0.020171131938695908, 0.8414686322212219, 0.1840176284313202, 0.3623039126396179, 0.30779513716697693, 0.15785656869411469, 0.06332114338874817, 0.025002671405673027, 0.05012640729546547, 0.27189064025878906, 0.3802049458026886, 0.2882079482078552, 0.21685560047626495, 0.313996285200119, 0.6135293841362, 0.38062721490859985, 0.1775960773229599]|lat=123.32|long=-12.3231
id=28|features=[0.7188975214958191, 0.3352157771587372, 0.04311421513557434, 0.010231183841824532, 0.6072895526885986, 0.0069955335929989815, 0.0012193802976980805, 0.0014905027346685529, 0.49287545680999756, 0.5694363117218018, 0.2455185055732727, 0.4830014705657959, 0.31844350695610046, 0.12845361232757568, 0.06165273115038872, 0.13243368268013, 0.06115129590034485, 0.09981021285057068, 0.15692439675331116, 0.18352286517620087, 0.3016941547393799, 0.7473573088645935, 0.5234357118606567, 0.06667301058769226]|lat=123.32|long=-12.3231
id=29|features=[0.813693642616272, 0.30533769726753235, 0.04846459627151489, 0.01430758461356163, 0.49200308322906494, 0.006956610828638077, 0.0007773198885843158, 0.0013747548218816519, 0.5080372095108032, 0.44528836011886597, 0.2775267958641052, 0.554714560508728, 0.3498798608779907, 0.13781963288784027, 0.06439131498336792, 0.11545893549919128, 0.04921324551105499, 0.08868275582790375, 0.1723499596118927, 0.20777085423469543, 0.34659600257873535, 0.6969678997993469, 0.5518113970756531, 0.0803198367357254]|lat=123.32|long=-12.3231
id=30|features=[0.8658737540245056, 0.3729877769947052, 0.08336597681045532, 0.018482157960534096, 0.32218390703201294, 0.006763174198567867, 0.000633292889688164, 0.0016477876342833042, 0.3451063930988312, 0.4037698805332184, 0.3446836471557617, 0.6197242736816406, 0.39190763235092163, 0.16511471569538116, 0.08236835896968842, 0.16543087363243103, 0.0672629103064537, 0.1070004478096962, 0.21480675041675568, 0.27251872420310974, 0.39179059863090515, 0.588596522808075, 0.5962954163551331, 0.09002432972192764]|lat=123.32|long=-12.3231
id=31|features=[0.6742914915084839, 0.33650171756744385, 0.05524168908596039, 0.009892732836306095, 0.6549175977706909, 0.004421398974955082, 0.0006926130736246705, 0.003303439589217305, 0.5945324301719666, 0.536738932132721, 0.20497198402881622, 0.3525732457637787, 0.3635956645011902, 0.16970400512218475, 0.08045785129070282, 0.15699133276939392, 0.0932784304022789, 0.16078658401966095, 0.2111068218946457, 0.2610433101654053, 0.38649529218673706, 0.6707900762557983, 0.49959585070610046, 0.061669424176216125]|lat=123.32|long=-12.3231
id=32|features=[0.6913517713546753, 0.36675891280174255, 0.05968122556805611, 0.01579000987112522, 0.6194071173667908, 0.005651895422488451, 0.0008554040105082095, 0.003415543818846345, 0.5779649019241333, 0.5095282793045044, 0.22609128057956696, 0.4044242799282074, 0.36796969175338745, 0.16803918778896332, 0.08066864311695099, 0.14667931199073792, 0.07093698531389236, 0.14485177397727966, 0.21434982120990753, 0.25992757081985474, 0.34284135699272156, 0.6755737066268921, 0.5312212109565735, 0.06589183956384659]|lat=123.32|long=-12.3231
id=33|features=[0.8115226626396179, 0.19326069951057434, 0.01665063016116619, 0.034162506461143494, 0.5372275710105896, 0.07513214647769928, 0.043924957513809204, 0.08030778914690018, 0.9193267822265625, 0.17229311168193817, 0.2101743072271347, 0.25321120023727417, 0.120079904794693, 0.048659659922122955, 0.007568603381514549, 0.0044719623401761055, 0.05306362360715866, 0.34628385305404663, 0.4767536520957947, 0.3212200701236725, 0.6685846447944641, 0.17680226266384125, 0.14022496342658997, 0.2210608720779419]|lat=123.32|long=-12.3231
id=34|features=[0.6961731910705566, 0.4090104103088379, 0.07841897010803223, 0.0189116932451725, 0.5843890905380249, 0.004462816286832094, 0.000727971491869539, 0.003888102015480399, 0.6064956188201904, 0.46580591797828674, 0.24515016376972198, 0.4054756164550781, 0.36826080083847046, 0.17244839668273926, 0.08340524137020111, 0.13552789390087128, 0.05686846747994423, 0.15010832250118256, 0.24045291543006897, 0.2766804099082947, 0.36025023460388184, 0.692155122756958, 0.47804510593414307, 0.049775972962379456]|lat=123.32|long=-12.3231
id=35|features=[0.8215088844299316, 0.3454841077327728, 0.030399171635508537, 0.013004102744162083, 0.44958075881004333, 0.03781992197036743, 0.010668635368347168, 0.031679339706897736, 0.8958883285522461, 0.18101230263710022, 0.13372820615768433, 0.25836750864982605, 0.21604251861572266, 0.1473097801208496, 0.055781129747629166, 0.09217158704996109, 0.13572600483894348, 0.3235960304737091, 0.42301419377326965, 0.3512480854988098, 0.5817743539810181, 0.2936914563179016, 0.38347503542900085, 0.05271387845277786]|lat=123.32|long=-12.3231
id=36|features=[0.7082264423370361, 0.45564186573028564, 0.06846479326486588, 0.024896960705518723, 0.5328907370567322, 0.025697818025946617, 0.009076236747205257, 0.027986537665128708, 0.9220850467681885, 0.1612829566001892, 0.11971880495548248, 0.16360488533973694, 0.17021885514259338, 0.14888803660869598, 0.08644641935825348, 0.15502510964870453, 0.31253528594970703, 0.48800286650657654, 0.35635513067245483, 0.24795827269554138, 0.38819944858551025, 0.17192913591861725, 0.5141888856887817, 0.17622113227844238]|lat=123.32|long=-12.3231
id=37|features=[0.7098882794380188, 0.45201125741004944, 0.06792891025543213, 0.022619547322392464, 0.5339421629905701, 0.02559569664299488, 0.009173768572509289, 0.02801770716905594, 0.920232892036438, 0.16895084083080292, 0.12086506932973862, 0.16594024002552032, 0.1741698533296585, 0.1505410522222519, 0.08646297454833984, 0.1483539193868637, 0.3052995204925537, 0.49521031975746155, 0.35385823249816895, 0.24080140888690948, 0.38789480924606323, 0.15589657425880432, 0.516785204410553, 0.19111482799053192]|lat=123.32|long=-12.3231
id=38|features=[0.7511810064315796, 0.43039602041244507, 0.02989221177995205, 0.020172923803329468, 0.4979618787765503, 0.015977803617715836, 0.01481421384960413, 0.0272968802601099, 0.9036080241203308, 0.16831867396831512, 0.12288107722997665, 0.1631798893213272, 0.23752079904079437, 0.20959605276584625, 0.09092628955841064, 0.06942356377840042, 0.17952144145965576, 0.5380074977874756, 0.43740400671958923, 0.20597423613071442, 0.46185943484306335, 0.388254851102829, 0.27845603227615356, 0.05457645654678345]|lat=123.32|long=-12.3231
id=39|features=[0.7515368461608887, 0.366001695394516, 0.03531410172581673, 0.022483687847852707, 0.5460943579673767, 0.017839625477790833, 0.013211783021688461, 0.027761714532971382, 0.9153209328651428, 0.16523751616477966, 0.12169976532459259, 0.14942049980163574, 0.22339539229869843, 0.19379974901676178, 0.08188275992870331, 0.05981774628162384, 0.17113637924194336, 0.5149282217025757, 0.41852930188179016, 0.19794915616512299, 0.48481354117393494, 0.4165937602519989, 0.2833370268344879, 0.048333439975976944]|lat=123.32|long=-12.3231
id=40|features=[0.7864903211593628, 0.24421775341033936, 0.06235545873641968, 0.028664832934737206, 0.5629502534866333, 0.012823318131268024, 0.00051445874851197, 0.0017371481517329812, 0.7874961495399475, 0.19096536934375763, 0.21648730337619781, 0.3987579643726349, 0.31766876578330994, 0.14458516240119934, 0.06766350567340851, 0.1054076999425888, 0.08298991620540619, 0.21067273616790771, 0.25533556938171387, 0.26409101486206055, 0.31412336230278015, 0.570198118686676, 0.6198770999908447, 0.07577775418758392]|lat=123.32|long=-12.3231
id=41|features=[0.7718228101730347, 0.20179443061351776, 0.05424058437347412, 0.02923126518726349, 0.59969162940979, 0.00922816339880228, 0.0016269886400550604, 0.007369651924818754, 0.8201065063476562, 0.19914276897907257, 0.18215177953243256, 0.3561548590660095, 0.3075093626976013, 0.1377837061882019, 0.06210799887776375, 0.10167674720287323, 0.10951220989227295, 0.20405742526054382, 0.24852460622787476, 0.2675696313381195, 0.3088449239730835, 0.5743076801300049, 0.6171689033508301, 0.08305191993713379]|lat=123.32|long=-12.3231
id=42|features=[0.5261349081993103, 0.42584261298179626, 0.07690031081438065, 0.029223058372735977, 0.7314388751983643, 0.007541427854448557, 0.0006526524666696787, 0.0035148365423083305, 0.8762978911399841, 0.2077675759792328, 0.17869122326374054, 0.22475020587444305, 0.22255943715572357, 0.13828781247138977, 0.08858257532119751, 0.17317141592502594, 0.1566137969493866, 0.3040842115879059, 0.33069267868995667, 0.23535777628421783, 0.175336554646492, 0.5232906341552734, 0.632614016532898, 0.11609245836734772]|lat=123.32|long=-12.3231
id=43|features=[0.5894961357116699, 0.48841407895088196, 0.07252539694309235, 0.024644436314702034, 0.6380586624145508, 0.03065107949078083, 0.0011214811820536852, 0.004361406899988651, 0.8311257362365723, 0.23168045282363892, 0.20012050867080688, 0.28077685832977295, 0.2593575119972229, 0.15979494154453278, 0.09874092042446136, 0.18471579253673553, 0.1281631737947464, 0.2888454496860504, 0.37093666195869446, 0.2969225347042084, 0.20772507786750793, 0.43905237317085266, 0.6551489233970642, 0.09617017209529877]|lat=123.32|long=-12.3231
id=44|features=[0.6930325031280518, 0.5881085395812988, 0.0647938996553421, 0.010524536482989788, 0.4114406704902649, 0.015288472175598145, 0.0010067897383123636, 0.0026528742164373398, 0.3910427689552307, 0.3768506646156311, 0.43331384658813477, 0.5156106352806091, 0.4240294396877289, 0.20567701756954193, 0.09727869927883148, 0.14102080464363098, 0.07286520302295685, 0.22661124169826508, 0.4489441215991974, 0.5037965774536133, 0.37374913692474365, 0.3261258900165558, 0.48950889706611633, 0.048070017248392105]|lat=123.32|long=-12.3231
id=45|features=[0.8385009169578552, 0.18963754177093506, 0.02981426939368248, 0.006320555694401264, 0.5099114775657654, 0.00038639651029370725, 9.962469630409032e-05, 0.0038895728066563606, 0.8050575256347656, 0.3385719656944275, 0.36180031299591064, 0.2640930712223053, 0.15842407941818237, 0.06916587799787521, 0.03187684342265129, 0.07555551081895828, 0.20196443796157837, 0.27514177560806274, 0.30203503370285034, 0.3390202820301056, 0.3281221091747284, 0.2852579355239868, 0.5061795711517334, 0.48176077008247375]|lat=123.32|long=-12.3231
id=46|features=[0.9026795029640198, 0.17503692209720612, 0.03027281165122986, 0.010957453399896622, 0.3917611241340637, 0.0010199756361544132, 0.00016710419731680304, 0.004171371925622225, 0.6460177898406982, 0.48923617601394653, 0.44901803135871887, 0.31526267528533936, 0.16704358160495758, 0.07388602942228317, 0.0344330258667469, 0.08805133402347565, 0.26326268911361694, 0.2761598229408264, 0.3043263554573059, 0.38207730650901794, 0.38245198130607605, 0.3493775427341461, 0.38537031412124634, 0.446078896522522]|lat=123.32|long=-12.3231
id=47|features=[0.8555659651756287, 0.17821107804775238, 0.031791701912879944, 0.009924951940774918, 0.48489493131637573, 0.0007134961197152734, 0.00010677226237021387, 0.003856843803077936, 0.7968789935112, 0.3567984998226166, 0.34603530168533325, 0.2747960090637207, 0.17298580706119537, 0.07344034314155579, 0.03282855823636055, 0.0776534378528595, 0.24197153747081757, 0.2741251587867737, 0.2806704342365265, 0.3112436532974243, 0.34773626923561096, 0.3149564862251282, 0.5858270525932312, 0.35685446858406067]|lat=123.32|long=-12.3231
id=48|features=[0.8556461930274963, 0.19963538646697998, 0.01786363124847412, 0.004903160966932774, 0.47713255882263184, 0.0005745688686147332, 0.0001216734090121463, 0.00403827428817749, 0.7856857776641846, 0.3988368511199951, 0.34182682633399963, 0.25764167308807373, 0.16263383626937866, 0.07354041188955307, 0.03505142405629158, 0.08553145825862885, 0.24827802181243896, 0.24893541634082794, 0.27974796295166016, 0.35659322142601013, 0.3538367450237274, 0.2922723889350891, 0.5675357580184937, 0.37182125449180603]|lat=123.32|long=-12.3231
id=49|features=[0.14065617322921753, 0.5023916959762573, 0.029217630624771118, 0.010344861075282097, 0.8525212407112122, 0.008013265207409859, 0.0003179839695803821, 0.0009817519458010793, 0.4771401286125183, 0.7272088527679443, 0.3129899501800537, 0.24452994763851166, 0.20685207843780518, 0.13497446477413177, 0.07591267675161362, 0.13776226341724396, 0.05807861313223839, 0.1105012446641922, 0.1311110556125641, 0.15783141553401947, 0.3654630482196808, 0.848000168800354, 0.28552934527397156, 0.09011612087488174]|lat=123.32|long=-12.3231
id=50|features=[0.22701898217201233, 0.45860186219215393, 0.020651061087846756, 0.005356381181627512, 0.8588850498199463, 0.0027932501398026943, 6.190124986460432e-05, 0.0003920412273146212, 0.5071619749069214, 0.6770182847976685, 0.2881128191947937, 0.3162263035774231, 0.21606259047985077, 0.12725400924682617, 0.07487787306308746, 0.18149800598621368, 0.09124532341957092, 0.10370277613401413, 0.14830529689788818, 0.20595264434814453, 0.525917649269104, 0.595200777053833, 0.5252351760864258, 0.09891319274902344]|lat=123.32|long=-12.3231
id=51|features=[0.22538267076015472, 0.43719059228897095, 0.025199776515364647, 0.005516491364687681, 0.8702777624130249, 0.0042510139755904675, 5.157390478416346e-05, 0.00025560444919392467, 0.38195231556892395, 0.7804261445999146, 0.2707085609436035, 0.28923138976097107, 0.1959976851940155, 0.11515669524669647, 0.06871554255485535, 0.1780770719051361, 0.10427267104387283, 0.10803424566984177, 0.14839708805084229, 0.20123125612735748, 0.48592618107795715, 0.6247820258140564, 0.5320545434951782, 0.07335743308067322]|lat=123.32|long=-12.3231
id=52|features=[0.2640332877635956, 0.4910169541835785, 0.06085049733519554, 0.015876803547143936, 0.8265071511268616, 0.046004943549633026, 0.0003373041108716279, 0.0018019889248535037, 0.33924609422683716, 0.8418145179748535, 0.3177889585494995, 0.22390370070934296, 0.1346089243888855, 0.060514818876981735, 0.029691394418478012, 0.049744863063097, 0.09103567898273468, 0.13098542392253876, 0.13674631714820862, 0.3112688660621643, 0.3284774720668793, 0.8437049984931946, 0.19148774445056915, 0.050639890134334564]|lat=123.32|long=-12.3231
id=53|features=[0.15020886063575745, 0.3711945116519928, 0.05979720130562782, 0.01616780087351799, 0.9141378998756409, 0.012608888559043407, 0.0011517873499542475, 0.0025276513770222664, 0.5583019852638245, 0.7327612042427063, 0.3200171887874603, 0.18804937601089478, 0.1054360643029213, 0.04048905149102211, 0.017962580546736717, 0.02252933755517006, 0.03470669314265251, 0.11754146963357925, 0.10394389182329178, 0.23870521783828735, 0.4738946259021759, 0.7224217057228088, 0.39712435007095337, 0.11409637331962585]|lat=123.32|long=-12.3231
id=54|features=[0.1666942685842514, 0.7009396553039551, 0.02592279016971588, 0.007467511110007763, 0.692428708076477, 0.026470113545656204, 0.000395248644053936, 0.003249842207878828, 0.479495108127594, 0.6738099455833435, 0.18741759657859802, 0.2132592648267746, 0.2925198972225189, 0.29222238063812256, 0.173598974943161, 0.1853681057691574, 0.14386387169361115, 0.1689886450767517, 0.14163991808891296, 0.21643708646297455, 0.4325263500213623, 0.8122669458389282, 0.18762774765491486, 0.0421706959605217]|lat=123.32|long=-12.3231
id=55|features=[0.5993081331253052, 0.48934388160705566, 0.07797273248434067, 0.013739696703851223, 0.6284464597702026, 0.012177865020930767, 0.0013188665034249425, 0.002972773276269436, 0.3530498743057251, 0.35650166869163513, 0.42477571964263916, 0.4521327614784241, 0.5370661020278931, 0.21207956969738007, 0.08752957731485367, 0.1494145542383194, 0.13913175463676453, 0.323248952627182, 0.42083820700645447, 0.3560056686401367, 0.25476425886154175, 0.4522559940814972, 0.548403263092041, 0.046055618673563004]|lat=123.32|long=-12.3231
id=56|features=[0.138575479388237, 0.7495465874671936, 0.02747529186308384, 0.005359113682061434, 0.6439110040664673, 0.05971841886639595, 0.0016434205463156104, 0.001636004657484591, 0.4529673457145691, 0.68221515417099, 0.1420442909002304, 0.18890763819217682, 0.3109111785888672, 0.3173810839653015, 0.200853630900383, 0.18921323120594025, 0.13080579042434692, 0.26556894183158875, 0.19583943486213684, 0.18549472093582153, 0.3185999393463135, 0.731486976146698, 0.4455903172492981, 0.06687049567699432]|lat=123.32|long=-12.3231
id=57|features=[0.11220387369394302, 0.9331058859825134, 0.03250580281019211, 0.003227740991860628, 0.340065062046051, 0.0034369684290140867, 0.00031106939422897995, 0.0006143779028207064, 0.1403043568134308, 0.4006616771221161, 0.15299314260482788, 0.16582389175891876, 0.21199989318847656, 0.26527222990989685, 0.3321707546710968, 0.7370412349700928, 0.1774631291627884, 0.4274764657020569, 0.3728662431240082, 0.31443727016448975, 0.2415086328983307, 0.6190053820610046, 0.3172677457332611, 0.07561600208282471]|lat=123.32|long=-12.3231
id=58|features=[0.08134488016366959, 0.8863508105278015, 0.06233237311244011, 0.0064059593714773655, 0.45148301124572754, 0.0013608257286250591, 2.9622742658830248e-05, 0.00010409332026029006, 0.10196131467819214, 0.5908385515213013, 0.13485126197338104, 0.17082615196704865, 0.20970256626605988, 0.2245664894580841, 0.20686815679073334, 0.675238847732544, 0.15809033811092377, 0.28898313641548157, 0.3133077919483185, 0.2886245548725128, 0.2737032175064087, 0.6281732320785522, 0.4630144238471985, 0.16165691614151]|lat=123.32|long=-12.3231
id=59|features=[0.07866215705871582, 0.8892495632171631, 0.05892472341656685, 0.008197234012186527, 0.44666311144828796, 0.0005726699600927532, 5.599878477369202e-06, 4.5787244744133204e-05, 0.14987249672412872, 0.5612102150917053, 0.11767295002937317, 0.16809460520744324, 0.22094792127609253, 0.2689001262187958, 0.24402272701263428, 0.6631789207458496, 0.19816623628139496, 0.3072323501110077, 0.29301124811172485, 0.25805824995040894, 0.32801154255867004, 0.6629167199134827, 0.39427366852760315, 0.10670942068099976]|lat=123.32|long=-12.3231
id=60|features=[0.7887905240058899, 0.3612012267112732, 0.03097265586256981, 0.006042903289198875, 0.4960446357727051, 0.012312261387705803, 0.001460850820876658, 0.011550325900316238, 0.5371963381767273, 0.6272589564323425, 0.45309072732925415, 0.2698182463645935, 0.13803619146347046, 0.06745575368404388, 0.037804361432790756, 0.12181884050369263, 0.16676069796085358, 0.26045602560043335, 0.1456422358751297, 0.2072473168373108, 0.3073229193687439, 0.550279438495636, 0.6426717638969421, 0.17294088006019592]|lat=123.32|long=-12.3231
id=61|features=[0.7334160208702087, 0.5622752904891968, 0.18141235411167145, 0.0817040428519249, 0.2504776418209076, 0.19463008642196655, 0.058557286858558655, 0.0480884350836277, 0.6086268424987793, 0.6331066489219666, 0.39963647723197937, 0.21435163915157318, 0.12067098915576935, 0.06339199841022491, 0.03941834717988968, 0.0544017031788826, 0.20568396151065826, 0.38180676102638245, 0.4958992600440979, 0.4563201367855072, 0.3265811502933502, 0.318187952041626, 0.21240068972110748, 0.32366743683815]|lat=123.32|long=-12.3231
id=62|features=[0.7072672247886658, 0.5308421850204468, 0.24653680622577667, 0.08297215402126312, 0.340607225894928, 0.1813638061285019, 0.03111313097178936, 0.02099337987601757, 0.6500279903411865, 0.6219425797462463, 0.36405205726623535, 0.22271279990673065, 0.0757199227809906, 0.03450753539800644, 0.023171942681074142, 0.03247999772429466, 0.2481214851140976, 0.5353968739509583, 0.5732384920120239, 0.3469183146953583, 0.18385793268680573, 0.12874019145965576, 0.12342735379934311, 0.37043100595474243]|lat=123.32|long=-12.3231
id=63|features=[0.641819179058075, 0.6072396636009216, 0.20953316986560822, 0.04487134888768196, 0.30615052580833435, 0.27704674005508423, 0.04136192053556442, 0.034880660474300385, 0.6595978140830994, 0.6383076906204224, 0.36269673705101013, 0.1339646428823471, 0.065264992415905, 0.033175479620695114, 0.01789921708405018, 0.04814678430557251, 0.30175668001174927, 0.5524907112121582, 0.46276381611824036, 0.37011244893074036, 0.24710209667682648, 0.19837452471256256, 0.16661149263381958, 0.35269269347190857]|lat=123.32|long=-12.3231
id=64|features=[0.7234026193618774, 0.6050329208374023, 0.19178710877895355, 0.05877488851547241, 0.2559256851673126, 0.03531369939446449, 0.009209374897181988, 0.05964165925979614, 0.5359715223312378, 0.5835782289505005, 0.3389078676700592, 0.28940415382385254, 0.26038721203804016, 0.22224226593971252, 0.1454315185546875, 0.1876542717218399, 0.360612690448761, 0.33957529067993164, 0.33677974343299866, 0.4285971224308014, 0.5859044790267944, 0.2838270366191864, 0.1762535274028778, 0.05122452229261398]|lat=123.32|long=-12.3231
id=65|features=[0.7133932709693909, 0.49859315156936646, 0.3506052792072296, 0.05765504017472267, 0.3313683867454529, 0.07286648452281952, 0.013054462149739265, 0.030688663944602013, 0.3501918911933899, 0.4221051335334778, 0.4348156452178955, 0.4440120756626129, 0.30549636483192444, 0.2419511377811432, 0.27428972721099854, 0.29304999113082886, 0.3519258499145508, 0.5124266743659973, 0.41948384046554565, 0.445643812417984, 0.40838509798049927, 0.15347453951835632, 0.06011402606964111, 0.21226270496845245]|lat=123.32|long=-12.3231
id=66|features=[0.5850009322166443, 0.2479320615530014, 0.1616276353597641, 0.17097628116607666, 0.7175509929656982, 0.12645016610622406, 0.03371472284197807, 0.09455947577953339, 0.875403642654419, 0.34146609902381897, 0.30298757553100586, 0.1342729926109314, 0.0637088194489479, 0.03396546468138695, 0.015628915280103683, 0.04221343249082565, 0.48189398646354675, 0.3325166404247284, 0.18171319365501404, 0.20464970171451569, 0.4545212984085083, 0.5993798971176147, 0.12735703587532043, 0.015623118728399277]|lat=123.32|long=-12.3231
id=67|features=[0.7020276784896851, 0.5050808191299438, 0.3728289306163788, 0.10722386091947556, 0.20968236029148102, 0.11453554034233093, 0.08406257629394531, 0.19339215755462646, 0.6920946836471558, 0.5674728155136108, 0.3277975916862488, 0.20300230383872986, 0.1593673676252365, 0.10931381583213806, 0.060025110840797424, 0.09678810834884644, 0.3615722358226776, 0.6172469854354858, 0.4573361277580261, 0.3537863790988922, 0.26519787311553955, 0.17770925164222717, 0.10275726765394211, 0.20366889238357544]|lat=123.32|long=-12.3231
id=68|features=[0.22228597104549408, 0.8423165082931519, 0.37308675050735474, 0.08523444086313248, 0.3036326766014099, 0.04645676165819168, 0.007312948815524578, 0.015120450407266617, 0.8326231837272644, 0.2676159739494324, 0.2262275516986847, 0.24047043919563293, 0.27325353026390076, 0.18270163238048553, 0.10130228847265244, 0.08835023641586304, 0.47355034947395325, 0.4601789712905884, 0.3611612915992737, 0.2592350244522095, 0.14072339236736298, 0.5331673622131348, 0.23199398815631866, 0.09194239228963852]|lat=123.32|long=-12.3231
id=69|features=[0.42122116684913635, 0.7944557666778564, 0.08433835953474045, 0.05424761027097702, 0.35068830847740173, 0.23638129234313965, 0.019667137414216995, 0.04595354199409485, 0.7410779595375061, 0.5140037536621094, 0.3273890018463135, 0.2234477400779724, 0.15118828415870667, 0.051530346274375916, 0.017952296882867813, 0.06046223267912865, 0.530664324760437, 0.46411746740341187, 0.44734737277030945, 0.21494004130363464, 0.13016368448734283, 0.3216082751750946, 0.3509877324104309, 0.11447545140981674]|lat=123.32|long=-12.3231
id=70|features=[0.2279845029115677, 0.6111832857131958, 0.05274615436792374, 0.04844624549150467, 0.5155008435249329, 0.5371728539466858, 0.0757233276963234, 0.0965348556637764, 0.706251323223114, 0.53711998462677, 0.3434087038040161, 0.2148720771074295, 0.14724723994731903, 0.11372561752796173, 0.07838442176580429, 0.08861318975687027, 0.2978310286998749, 0.5010172724723816, 0.50190669298172, 0.40013885498046875, 0.2702154815196991, 0.1953830122947693, 0.33209264278411865, 0.16364742815494537]|lat=123.32|long=-12.3231
id=71|features=[0.3365750014781952, 0.1010325700044632, 0.03595283627510071, 0.02325749211013317, 0.9289717674255371, 0.10301336646080017, 0.02291659452021122, 0.02346646599471569, 0.3938484489917755, 0.8232508301734924, 0.19725556671619415, 0.1093941479921341, 0.1120932549238205, 0.216023787856102, 0.23657198250293732, 0.03266552463173866, 0.07825186848640442, 0.2450474053621292, 0.32915347814559937, 0.4979562759399414, 0.3860127925872803, 0.6379455327987671, 0.13579651713371277, 0.055721934884786606]|lat=123.32|long=-12.3231
id=72|features=[0.31246575713157654, 0.377397745847702, 0.2212195098400116, 0.0841233879327774, 0.8362711668014526, 0.06662585586309433, 0.009443122893571854, 0.006599977146834135, 0.7167660593986511, 0.539374053478241, 0.27327239513397217, 0.10249942541122437, 0.08611969649791718, 0.14039883017539978, 0.19635170698165894, 0.21084491908550262, 0.03129488602280617, 0.16377408802509308, 0.2828511595726013, 0.37770819664001465, 0.3083389401435852, 0.40225687623023987, 0.3990829586982727, 0.5773904323577881]|lat=123.32|long=-12.3231
id=73|features=[0.8533878326416016, 0.47689512372016907, 0.05104482173919678, 0.0306252408772707, 0.18371571600437164, 0.02507961168885231, 0.008084268309175968, 0.0794423297047615, 0.8611880540847778, 0.40551313757896423, 0.21796903014183044, 0.11745273321866989, 0.11942270398139954, 0.12275193631649017, 0.01548828836530447, 0.05512633174657822, 0.25634875893592834, 0.38909006118774414, 0.34830066561698914, 0.500336229801178, 0.37434837222099304, 0.4781610071659088, 0.16398508846759796, 0.12481514364480972]|lat=123.32|long=-12.3231
id=74|features=[0.8755069375038147, 0.3840017318725586, 0.10807143896818161, 0.034335244446992874, 0.26663604378700256, 0.03361694887280464, 0.004912666976451874, 0.030378613620996475, 0.9429846405982971, 0.21860577166080475, 0.1225513368844986, 0.14255860447883606, 0.10823730379343033, 0.11136123538017273, 0.03841926157474518, 0.0453532449901104, 0.19677314162254333, 0.20578067004680634, 0.21863356232643127, 0.33613669872283936, 0.42907559871673584, 0.6234991550445557, 0.3833340108394623, 0.19581648707389832]|lat=123.32|long=-12.3231
id=75|features=[0.5366961359977722, 0.24144871532917023, 0.12404128909111023, 0.10245320200920105, 0.7615887522697449, 0.1781100481748581, 0.039795175194740295, 0.12021908164024353, 0.873342752456665, 0.3611508309841156, 0.284969687461853, 0.13991332054138184, 0.05878039449453354, 0.03025471232831478, 0.013714978471398354, 0.038737181574106216, 0.5761672258377075, 0.23435039818286896, 0.1737709492444992, 0.21138648688793182, 0.5817088484764099, 0.44496476650238037, 0.03792772814631462, 0.020328551530838013]|lat=123.32|long=-12.3231
id=76|features=[0.4915195405483246, 0.2727715075016022, 0.2638940215110779, 0.19790427386760712, 0.757348895072937, 0.029279794543981552, 0.0024410043843090534, 0.027522409334778786, 0.9054273962974548, 0.2995038628578186, 0.254252165555954, 0.1328311711549759, 0.06651571393013, 0.03594939783215523, 0.01981951668858528, 0.045836273580789566, 0.3537541627883911, 0.44126302003860474, 0.1969698965549469, 0.1950855553150177, 0.17037735879421234, 0.6148537993431091, 0.43681660294532776, 0.07353344559669495]|lat=123.32|long=-12.3231
