0.051810
0.614652
0.758307
0.016485
0.000000
0.209594
0.014130
0.009420
0.000000
0.010545
0.142359
0.827790
0.541315
0.036908
0.001758
0.000000
0.000000
0.000000
0.000000
0.005982
0.125623
0.340976
0.761712
0.536389
0.279022
0.193674
0.318413
0.541630
0.334826
0.600717
0.088630
0.095196
0.036603
0.081049
0.232689
0.203930
0.232689
0.467993
0.368643
0.698068
0.000000
0.000000
0.000000
0.000000
0.004591
0.062740
0.361138
0.930388
0.307026
0.051746
0.141439
0.158688
0.148338
0.786539
0.320825
0.338074
0.117980
0.309698
0.203516
0.516164
0.457173
0.436527
0.200566
0.377537
0.022393
0.050893
0.012214
0.008143
0.101785
0.496711
0.800031
0.315534
0.044964
0.000000
0.000000
0.032117
0.282633
0.032117
0.957097
0.000000
0.293606
0.408496
0.597425
0.232332
0.051062
0.061274
0.051062
0.571894
0.212240
0.234713
0.047442
0.084896
0.494395
0.639217
0.486904
0.017479
0.514485
0.112251
0.570611
0.233857
0.000000
0.491099
0.318045
0.009354
0.519020
0.260928
0.110611
0.598433
0.399901
0.212713
0.215549
0.201368
0.592937
0.286992
0.314067
0.536080
0.389876
0.121836
0.081224
0.081224
0.415239
0.095614
0.480803
0.112005
0.038246
0.751254
0.046441
0.081955
0.052274
0.081025
0.109776
0.224780
0.282282
0.488766
0.650816
0.431264
0.808965
0.270530
0.154964
0.218000
0.283663
0.233759
0.186482
0.175976
0.401450
0.268640
0.422579
0.277695
0.141866
0.694237
0.060368
0.072442
0.000000
0.002263
0.086012
0.221821
0.190132
0.280671
0.423270
0.805797
0.848362
0.151407
0.076905
0.124971
0.156214
0.204280
0.230716
0.341267
0.580455
0.264769
0.264769
0.366603
0.213852
0.448071
0.376787
0.000000
0.035026
0.063872
0.618111
0.756156
0.051509
0.032966
0.144226
0.127743
0.214617
0.038405
0.038405
0.065515
0.472158
0.777140
0.341128
0.058737
0.951032
0.042552
0.106379
0.097869
0.059572
0.253183
0.059572
0.040424
0.881615
0.050067
0.023945
0.132786
0.189384
0.232920
0.317817
0.104488
0.681689
0.261131
0.288618
0.426056
0.368332
0.184166
0.170422
0.060472
0.071001
0.233288
0.428539
0.677042
0.207930
0.481790
0.152144
0.000000
0.000000
0.000000
0.000000
0.024100
0.183534
0.763799
0.615489
0.059324
0.130322
0.125310
0.082704
0.140347
0.340843
0.275681
0.330818
0.799476
0.077039
0.280421
0.311237
0.499211
0.274258
0.369786
0.597821
0.000000
0.279403
0.416365
0.079438
0.136962
0.139701
0.473889
0.638244
0.268446
0.280042
0.265303
0.232877
0.333103
0.624937
0.312468
0.150339
0.418590
0.000000
0.000000
0.002518
0.062944
0.050355
0.156101
0.984443
0.000000
0.327721
0.921010
0.113007
0.156327
0.067804
0.032019
0.030135
0.024485
0.272603
0.152337
0.168372
0.267257
0.700214
0.505117
0.224496
0.082850
0.995474
0.009692
0.037382
0.041536
0.030460
0.053997
0.044305
0.002769
0.994280
0.027773
0.023607
0.023607
0.059712
0.070822
0.030550
0.002777
0.210575
0.638902
0.574294
0.437899
0.145966
0.038286
0.040679
0.038286
0.977332
0.000000
0.000000
0.026639
0.083248
0.108222
0.146517
0.063269
0.977718
0.079847
0.073329
0.092883
0.133621
0.074958
0.014666
0.000000
0.134771
0.782538
0.541256
0.252151
0.056517
0.039127
0.045648
0.078254
0.995573
0.000000
0.000000
0.008255
0.052833
0.026417
0.072645
0.000000
0.996269
0.069959
0.044048
0.018138
0.015546
0.006478
0.000000
0.000000
0.064703
0.626156
0.636592
0.440396
0.064703
0.018785
0.002087
0.000000
1.000000
0.000000
0.000000
0.000000
0.000000
0.000000
0.000000
0.000000
0.928956
0.369488
0.020943
0.008975
0.000000
0.000000
0.000000
0.000000
0.014605
0.310881
0.611330
0.701047
0.194040
0.016692
0.004173
0.000000
